x_ =

   0
   0

P_ =

   0.1518751   0.0107326
   0.0107326   0.0014651

dz =  1
S =  1.1519
K =

   0.1318503
   0.0093175

x =

   0.1318503
   0.0093175

P =

   0.1318503   0.0093175
   0.0093175   0.0013651
