x_ =

   0
   0

P_ =

   1.50002   0.50005
   0.50005   0.50010

dz =  1
S =  2.5000
K =

   0.60000
   0.20002

x =

   0.60000
   0.20002

P =

   0.60000   0.20002
   0.20002   0.40008
